instance_id,num_cities,city_coordinates,distance_matrix,total_distance
0,55,"[[1.5151906140833948, 19.177278494739536], [73.53779555153396, 51.90923367225885], [94.66948766817002, 60.12532837436423], [77.58748073811466, 46.26939474244415], [49.96546091953646, 57.0120849743077], [4.4380649512615555, 59.62577418815981], [56.13895243552047, 98.46686387051352], [5.5935171870093665, 97.13088526251946], [29.147826272672518, 16.65493895714786], [54.9570988581933, 13.05700423643822], [17.576690224532054, 7.648814966585348], [50.962316124468785, 92.99895983424675], [61.111368923859466, 10.920756081548022], [67.26895930986208, 15.697584780075768], [13.19098608535304, 18.238568678372424], [31.682786588912414, 68.53743087313319], [86.10677130728361, 95.05213498309408], [2.823018127216792, 50.36278523490684], [89.54181842258293, 6.116920793599279], [48.71918604245212, 99.2719581852535], [81.46071161375797, 29.422158895081385], [46.58885505952701, 67.60877850594551], [70.80742122904884, 57.5639308581553], [88.40411589790307, 3.3180807444451177], [97.05555916810874, 26.42600144047306], [40.61228617362244, 31.72258596321268], [2.5697560022921007, 0.7893181287290552], [61.562354352177614, 2.7375597780283423], [45.26235628388998, 6.174285657292766], [16.90930447590616, 1.2408427139945277], [90.46283868498138, 22.222374348826257], [5.606997492237098, 60.73145710400022], [17.539692190897004, 64.12852251164765], [64.1006484164801, 49.24102649860844], [13.041717746594482, 92.07456620389077], [25.720435589633738, 33.508626329664125], [49.92311838711508, 85.97797452058398], [22.441335006656217, 29.110311273065538], [40.90005668532156, 50.603925809530736], [24.10214729039737, 90.61797902988616], [8.96449440454945, 85.20059620506608], [33.20728387799169, 1.2852678849874732], [17.618281515270507, 91.91212399803702], [47.51455093745736, 70.87196495916072], [6.698430113016373, 83.80527691911702], [77.3156382181553, 78.34573022203824], [68.93683166307778, 51.420434689125194], [57.90417738854246, 74.66263288703308], [79.93756476728215, 80.69522501688063], [7.658904933407085, 50.353028729112204], [42.7638449275703, 11.45328510439313], [0.4023734014387714, 22.11592226086829], [60.839524775236, 65.30160252641909], [35.0371427437213, 92.6899939684718], [29.695264166654724, 67.46756119887597]]","[[0.0, 79.11154474360372, 101.756895828171, 80.75256087266784, 61.472768556636844, 40.553964026363346, 96.28392235771888, 78.06021749739811, 27.747517910314595, 53.791219671696304, 19.770615596294004, 88.85189281625661, 60.16539396937543, 65.84577713145951, 11.713469853389507, 57.849014595918234, 113.63419103114433, 31.21291789380046, 88.99022500599624, 92.96975260334666, 80.5992797878909, 66.16075437807442, 79.21457128121875, 88.32439917859698, 95.81495711935062, 41.06053604947524, 18.418175658299607, 62.25693715943696, 45.63871521934196, 23.63671868317499, 88.99975677553786, 41.75515110041448, 47.72210168729913, 69.43175406379785, 73.80294969096619, 28.129724760331424, 82.49642695787692, 23.16395172059607, 50.386524358181724, 74.92625911421297, 66.4422351252678, 36.39385688694924, 74.49608907157777, 69.19741150371452, 64.8355161315512, 96.15931331276927, 74.73485668090223, 79.10968576279727, 99.6720949520241, 31.77534623435991, 41.96559968078208, 3.142290459675163, 75.14539168201513, 80.7950531338624, 55.91125064844953], [79.11154474360372, 0.0, 22.67272863742392, 6.9431789019630346, 24.118334341610126, 69.52925834901278, 49.702441302747744, 81.61753938355973, 56.68628289487824, 43.066669499086736, 71.34865081710609, 46.88302323260516, 42.83072931829648, 36.75026290131327, 69.1046387290902, 45.037081581873124, 44.936500587663595, 70.73168490104067, 48.508397900096746, 53.47140405168086, 23.842003501455537, 31.188477064881976, 6.279374507470576, 50.81444305997113, 34.67679815819527, 38.621107098632976, 87.46261145564073, 50.608938987888216, 53.76974926210716, 75.98731370302532, 34.17260162115744, 68.50127700453865, 57.31577967478932, 9.807093125395253, 72.6156275684364, 51.235556640894316, 41.45276927504439, 55.95211473017518, 32.66383056096715, 62.78734176695531, 72.6500243655152, 64.72508079470084, 68.7548055372721, 32.1992925093598, 74.05982950985741, 26.70506403362932, 4.626855643824463, 27.606651240110715, 29.488817265320733, 65.89726855416845, 50.83030406688464, 78.9710793767486, 18.455395531769675, 56.08360435069158, 46.52127592467357], [101.756895828171, 22.67272863742392, 0.0, 21.995041658761032, 44.812300677498584, 90.23280556373264, 54.35692678506507, 96.45693213949475, 78.63054666038298, 61.58328476256875, 93.2581571613046, 54.689966993139656, 59.558687596153625, 52.19782902759727, 91.61466508158436, 63.54595173020502, 35.96111693705587, 92.36385232160369, 54.25127723198938, 60.364632402138064, 33.42388937465499, 48.65952381517074, 23.999145234384383, 57.15171271892566, 33.78369389217382, 61.064693644497595, 109.55876361476903, 66.25283587039495, 73.15585856158603, 97.53988282533828, 38.135676466136104, 89.06455270406424, 77.23361258977043, 32.44875899812256, 87.65755312725379, 73.90819041395244, 51.67781803248071, 78.60558073501393, 54.605941206254485, 76.87360582145294, 89.29789990306982, 85.08675110226578, 83.35039739340037, 48.364018194968054, 91.10239804996516, 25.162256143368758, 27.165138673449174, 39.53506370870484, 25.301189700121054, 87.55763443697882, 71.1559101156658, 101.64154556714311, 34.223678987428045, 67.94463927672645, 65.38775193011456], [80.75256087266784, 6.9431789019630346, 21.995041658761032, 0.0, 29.637499426835987, 74.35879169174181, 56.43239450637319, 88.1477283072093, 56.77513642599811, 40.189514393116355, 71.3641657997105, 53.78244736317562, 38.99985276503541, 32.26619669004195, 70.2327255159402, 51.020646585960435, 49.521046608373055, 74.87643631490569, 41.89424010155769, 60.35437159100116, 17.286736913388296, 37.63355010316166, 13.173296968321084, 44.29238049975049, 27.798675067224192, 39.733797436710994, 87.7273981908106, 46.38777135252771, 51.50273238898402, 75.56064830509621, 27.276987224967105, 73.41894316904595, 62.64730923262467, 13.810330965119224, 79.14713673134374, 53.41373964551783, 48.395126327805976, 57.75406076237718, 36.94259388836957, 69.4800534132916, 78.89710197884288, 63.19156227275145, 75.3628793858656, 38.85444077661821, 80.21346488781555, 32.07748737284647, 10.068115114148245, 34.54863822333118, 34.505951443605426, 70.04771074497584, 49.24273653437852, 80.87602257463223, 25.351902533477034, 62.97144825983117, 52.37391210557231], [61.472768556636844, 24.118334341610126, 44.812300677498584, 29.637499426835987, 0.0, 45.602359094225605, 41.91193971687827, 59.81962493336087, 45.41005557077276, 44.23760359675084, 59.04036664002754, 36.00067891699425, 47.41984673468879, 44.791728955725645, 53.4391950283792, 21.61225991809355, 52.471322846050384, 47.60906530747615, 64.47174427755316, 42.27824600044881, 41.87069186613749, 11.12166268762476, 20.84926481732171, 66.03465973852222, 56.15145464722086, 26.963691105999928, 73.53470171541323, 55.499657859932775, 51.05488255408021, 64.83163534945191, 53.388777578081786, 44.514121429836045, 33.19750232873059, 16.130495200287218, 50.91895913975702, 33.76734845243398, 28.96592049455929, 39.19293919755719, 11.101624106896992, 42.405979615544496, 49.75611942836456, 58.192049634484526, 47.58521555346363, 14.074915024069751, 50.891169070908106, 34.68654808166851, 19.778257274104742, 19.35368339088664, 38.19971375987225, 42.82741773075019, 46.12447851718944, 60.615524549816854, 13.673381658704402, 38.67515835461089, 22.807846445533823], [40.553964026363346, 69.52925834901278, 90.23280556373264, 74.35879169174181, 45.602359094225605, 0.0, 64.66538497815229, 37.52290535884914, 49.56879043321387, 68.70824638794157, 53.611824852290155, 57.25622645089229, 74.7264489450413, 76.66424923374733, 42.30265249708345, 28.66517891072567, 89.02137179935508, 9.402730485978191, 100.52783816688797, 59.4359957485705, 82.73298299752071, 42.900087000947146, 66.40137536712133, 101.09823961140643, 98.3881351866462, 45.685470274050296, 58.86611198271995, 80.61918740804016, 67.25834066475868, 59.70202708890238, 93.80445626663347, 1.6090177114416397, 13.853785720554152, 60.55961402056499, 33.57003045430262, 33.69042463744813, 52.56737151905798, 35.4303712880625, 37.5615573343496, 36.70412640551248, 25.97229456155204, 65.04830999622217, 34.873005214921385, 44.52033750744338, 24.28492542670951, 75.24345446071577, 65.01860121257386, 55.5403663895535, 78.38428561065783, 9.816191651494748, 61.55854217992859, 37.72632764917156, 56.68632725446932, 45.050484918919324, 26.446544873149193], [96.28392235771888, 49.702441302747744, 54.35692678506507, 56.43239450637319, 41.91193971687827, 64.66538497815229, 0.0, 50.563087952600824, 86.14935838164412, 85.41803615508077, 98.6659316762646, 7.529643952187998, 87.6872049658938, 83.51425395807392, 91.00058880607557, 38.65067926261422, 30.161739692951723, 71.8094090808996, 98.20521087222895, 7.4633176391825335, 73.54157173344284, 32.3021019789413, 43.45358334775372, 100.4705514249119, 82.8495900181365, 68.52646203165146, 111.4027008139399, 95.88280841934647, 92.93126673563174, 104.84209302070973, 83.61430110745775, 63.06694375205, 51.6626032900992, 49.8655358725691, 43.56871707189778, 71.7276710308993, 13.950231184897946, 77.10940804198061, 50.23031737422038, 32.984267115520645, 49.004319690075725, 99.85050836688998, 39.07437399296405, 28.911221820040282, 51.568666644149204, 29.211505268237243, 48.75604794733193, 23.869592201159648, 29.70193758766309, 68.30268031213062, 88.03554049664864, 94.53059043030404, 33.49671536648009, 21.878267713281716, 40.74586378258219], [78.06021749739811, 81.61753938355973, 96.45693213949475, 88.1477283072093, 59.81962493336087, 37.52290535884914, 50.563087952600824, 0.0, 83.8521520907365, 97.49451608267671, 90.28088025985183, 45.55656620919124, 102.53983730665195, 102.15303514097522, 79.25729713833661, 38.707048606720036, 80.54008499970725, 46.85008906323542, 123.81784608322205, 43.17878538692086, 101.68727952151477, 50.51903121229097, 76.27841871225021, 125.13367872160995, 115.60486892705455, 74.19272065752455, 96.38900709882246, 109.73882917929369, 99.2306394569728, 96.5554105264199, 113.1993230493585, 36.399430654693376, 35.09796353584694, 75.60769125644464, 9.002336030078846, 66.72993837930011, 45.71105949962212, 70.07601195229924, 58.40641820284767, 19.621094156522314, 12.39739022518716, 99.74418520066352, 13.108410517140662, 49.466190132294855, 13.371337640483617, 74.14138314801836, 78.11415224168293, 56.93177966240654, 76.13913801933889, 46.82343097641395, 93.393171234285, 75.19436579918445, 63.75911381075659, 29.776645234300794, 38.220504993727836], [27.747517910314595, 56.68628289487824, 78.63054666038298, 56.77513642599811, 45.41005557077276, 49.56879043321387, 86.14935838164412, 83.8521520907365, 0.0, 26.058850428370828, 14.66292804244641, 79.39950561040688, 32.47381887097773, 38.13315238817089, 16.03523095741373, 51.94438363497245, 96.90429177382437, 42.769316391311214, 61.30647693856434, 84.90353343280434, 53.848304315485365, 53.856134747199434, 58.38722009383584, 60.73861742857621, 68.60709765797527, 18.933246608013715, 30.953380163859904, 35.27598437793641, 19.222959477515204, 19.681864209548824, 61.56725658953875, 49.96909116263355, 48.8721793290063, 47.78653447443514, 77.12021074848958, 17.198656486618226, 72.36916485748505, 14.146141687021286, 35.9255985054565, 74.13494569495322, 71.45539876627849, 15.896728748890052, 76.1352369313419, 57.24353660820542, 70.80355412223217, 78.26807672674516, 52.83753063351687, 64.74426835297805, 81.73589037236478, 39.96667354940245, 14.575773283582674, 29.259586453260642, 58.059121853497274, 76.2627932813323, 50.81557111091372], [53.791219671696304, 43.066669499086736, 61.58328476256875, 40.189514393116355, 44.23760359675084, 68.70824638794157, 85.41803615508077, 97.49451608267671, 26.058850428370828, 0.0, 37.76961028125718, 80.04170509110644, 6.514491248012114, 12.591845511631847, 42.08630164577932, 60.16453566178078, 87.71261915965573, 64.1068145330095, 35.274177319124576, 86.44032531575253, 31.14899317952733, 55.18988657557827, 47.245097487156826, 34.83603851814283, 44.17024390590364, 23.54097687340782, 53.804551981584446, 12.252360346929741, 11.889484792106147, 39.84038567184408, 36.66962734941032, 68.61695097460643, 63.31162847882591, 37.32141430323986, 89.44648832129062, 35.67984480520152, 73.09452008573875, 36.26270212851151, 40.09204103392412, 83.47294679811478, 85.55710097101938, 24.731118624135647, 87.24859421895714, 58.29203378612207, 85.64004435215685, 69.01102827181852, 40.83118569664753, 61.67607926335007, 72.10376264369997, 60.23381601314017, 12.29826640104778, 55.30173654990596, 52.57471811765583, 82.0866475455336, 59.988907315813854], [19.770615596294004, 71.34865081710609, 93.2581571613046, 71.3641657997105, 59.04036664002754, 53.611824852290155, 98.6659316762646, 90.28088025985183, 14.66292804244641, 37.76961028125718, 0.0, 91.64740719551925, 43.65746039468461, 50.33988778651975, 11.46199304103436, 62.50124400087006, 111.0662521341057, 45.190199119257606, 71.98143077432628, 96.77114972468677, 67.49256769961896, 66.61008133949633, 72.9727998486017, 70.95970325769204, 81.6668435806441, 33.31944073251837, 16.500326409474365, 44.25899994664559, 27.724904721824494, 6.4426323911459376, 74.32885893424142, 54.415443032234954, 56.479719663169895, 62.405053849593656, 84.54746269024889, 27.11181351930618, 84.74519839679957, 22.005921761410285, 48.87863511386141, 83.22537939403688, 78.02851203312093, 16.87632037558204, 84.26331929591541, 69.953142881862, 76.92946925711367, 92.55698641389266, 67.48198886904609, 78.21226255030822, 96.04507637027781, 43.8407611493738, 25.47286311085294, 22.4556084710319, 72.07993317686208, 86.81514573048734, 61.03394330365586], [88.85189281625661, 46.88302323260516, 54.689966993139656, 53.78244736317562, 36.00067891699425, 57.25622645089229, 7.529643952187998, 45.55656620919124, 79.39950561040688, 80.04170509110644, 91.64740719551925, 0.0, 82.70329379168854, 79.00258981350764, 83.76030956666253, 31.14589311976441, 35.20437839656772, 64.30579597620752, 95.0624358273592, 6.661992260321342, 70.51355717221584, 25.764092640156736, 40.61366118867234, 97.18306665563483, 80.97250053925212, 62.14432487980027, 104.13672694414028, 90.88168765234057, 87.01157157596012, 97.87318151460627, 81.05316980555789, 55.6623450878395, 44.16530246475268, 45.687771944158904, 37.93186371535, 64.6239298822143, 7.0974760804098, 69.965747183152, 43.57278938715693, 26.965491639974875, 42.71570559537857, 93.41649993998418, 33.36174240285243, 22.393994440180858, 45.20857673471706, 30.153187616596856, 45.29742776462259, 19.606384769374504, 31.47930946461382, 60.77714093807021, 81.95676907439349, 87.06728905728636, 29.405830247899225, 15.928170237446686, 33.22859935739958], [60.16539396937543, 42.83072931829648, 59.558687596153625, 38.99985276503541, 47.41984673468879, 74.7264489450413, 87.6872049658938, 102.53983730665195, 32.47381887097773, 6.514491248012114, 43.65746039468461, 82.70329379168854, 0.0, 7.793202921576606, 48.475906103870436, 64.69716123821851, 87.76593334651432, 70.37901322359444, 28.833440519182012, 89.21603616915546, 27.502684486783206, 58.51867475711254, 47.6403104896064, 28.33186738763541, 39.14584838722047, 29.20493999354873, 59.41183786460779, 8.19561404645762, 16.54449102119018, 45.24956601188964, 31.452112053045518, 74.57775261006206, 68.77177780021263, 38.43668711949091, 94.32196065433115, 41.984878761446225, 75.88651388671191, 42.734429225425615, 44.5337074816768, 87.87109781715392, 90.7567692842141, 29.52085017463215, 91.93068219759519, 61.47374159136969, 90.95560063984286, 69.34483024139459, 41.248779792861, 63.82251120278678, 72.26964899003316, 66.42341479329745, 18.355250582723713, 61.732599840958365, 54.38152590082212, 85.825832565151, 64.68781034393365], [65.84577713145951, 36.75026290131327, 52.19782902759727, 32.26619669004195, 44.791728955725645, 76.66424923374733, 83.51425395807392, 102.15303514097522, 38.13315238817089, 12.591845511631847, 50.33988778651975, 79.00258981350764, 7.793202921576606, 0.0, 54.137637436834275, 63.705769158399285, 81.5598418265604, 73.17756116112777, 24.246017724089864, 85.60823545863093, 19.742587674705064, 55.878786188047286, 42.01561193988563, 24.493814814544667, 31.65976081960175, 31.102715084247226, 66.39460311788852, 14.160776398092139, 23.978819881819124, 52.39362772475659, 24.09416774624223, 76.35605537012614, 69.41581763365447, 33.69273922140676, 93.66982982249277, 45.2052322680853, 72.38930431627988, 46.79120785623217, 43.74667609872905, 86.46640465794114, 90.71978408835179, 36.98530264186749, 90.96068268031249, 58.60417116801445, 91.14519590023579, 63.44860821486652, 35.76176455113889, 59.70407053702172, 66.22074297823067, 68.95185550852658, 24.869955983600043, 67.1739188008702, 50.018958455915346, 83.46688607937136, 63.968062539972344], [11.713469853389507, 69.1046387290902, 91.61466508158436, 70.2327255159402, 53.4391950283792, 42.30265249708345, 91.00058880607557, 79.25729713833661, 16.03523095741373, 42.08630164577932, 11.46199304103436, 83.76030956666253, 48.475906103870436, 54.137637436834275, 0.0, 53.59031837889165, 105.91050799132529, 33.75588910030455, 77.30707565307469, 88.47973331314644, 69.17967992018329, 59.60566475121879, 69.75770716730018, 76.67878361310886, 84.26328188236434, 30.557264613652745, 20.427600770074495, 50.79439481806344, 34.26543026468972, 17.39967182488256, 77.37447842666616, 43.164365508291276, 46.09554325108368, 59.6065945140711, 73.83614840730323, 19.75251289213836, 77.05761900870021, 14.274583784164054, 42.60644242061827, 73.19721635195752, 67.09527824231434, 26.231023333346677, 73.80646108751894, 62.836148101288885, 65.88737749053948, 87.89107963831846, 64.87399734200972, 71.99266975420953, 91.41082915458907, 32.58745872605406, 30.341292874250115, 13.363475789736235, 66.97247490024286, 77.59039430541138, 51.921911555418774], [57.849014595918234, 45.037081581873124, 63.54595173020502, 51.020646585960435, 21.61225991809355, 28.66517891072567, 38.65067926261422, 38.707048606720036, 51.94438363497245, 60.16453566178078, 62.50124400087006, 31.14589311976441, 64.69716123821851, 63.705769158399285, 53.59031837889165, 0.0, 60.53924055242416, 34.10577633976071, 85.11161873280811, 35.14043362623798, 63.307553433189234, 14.934968110770573, 40.63440338312946, 86.43421099187154, 77.76227802445885, 37.88230152161873, 73.73856067462928, 72.26625495936517, 63.824498386691246, 68.89910414224583, 74.83434362153734, 27.219110997581886, 14.814371133840005, 37.72623738535885, 30.02475956876979, 35.532615681696704, 25.23652644139363, 40.49570578845644, 20.163548097902144, 23.345592712049047, 28.174134922893685, 67.2694397075561, 27.279783387151838, 16.002962594053738, 29.28011597310558, 46.67504562326882, 40.998236946865035, 26.92729906949463, 49.7627930836424, 30.13004100782474, 58.149716697947056, 55.97696589685493, 29.335745546265198, 24.38438043682096, 2.2571810957192437], [113.63419103114433, 44.936500587663595, 35.96111693705587, 49.521046608373055, 52.471322846050384, 89.02137179935508, 30.161739692951723, 80.54008499970725, 96.90429177382437, 87.71261915965573, 111.0662521341057, 35.20437839656772, 87.76593334651432, 81.5598418265604, 105.91050799132529, 60.53924055242416, 0.0, 94.51625005613633, 89.00152735552152, 37.62497096068683, 65.79422187387675, 48.11240504585649, 40.489943953152846, 91.76281653931203, 69.49404406588384, 77.97679114094448, 125.95202089441023, 95.52177342866825, 97.81379421831598, 116.57121417004285, 72.95991609811368, 87.51069942786522, 75.21777813015363, 50.8225058931814, 73.12569977553211, 86.22130246510733, 37.30411675333705, 91.66030707756617, 63.39787335272658, 62.16297240715566, 77.7687835962033, 107.65956128312895, 68.56043248825785, 45.54163035574767, 80.20085079060199, 18.878240941120435, 46.888507098524634, 34.801122100741104, 15.626259088827236, 90.28885777613065, 94.16675086355494, 112.53859314326421, 39.03239588812021, 51.12422783566692, 62.79464028668527], [31.21291789380046, 70.73168490104067, 92.36385232160369, 74.87643631490569, 47.60906530747615, 9.402730485978191, 71.8094090808996, 46.85008906323542, 42.769316391311214, 64.1068145330095, 45.190199119257606, 64.30579597620752, 70.37901322359444, 73.17756116112777, 33.75588910030455, 34.10577633976071, 94.51625005613633, 0.0, 97.35423383102636, 67.07134580422849, 81.37810927016793, 47.0411815996397, 68.36472455440466, 97.65924695711426, 97.22520974235465, 42.13651395608756, 49.57411403778399, 75.6205773580677, 61.26761720596988, 51.101748503599026, 92.04684064233068, 10.735916236343655, 20.151327952987348, 61.28789698243938, 42.94524995288256, 28.431573977734136, 59.04964989182479, 28.92310506637972, 38.07780211792859, 45.533306111182654, 35.3750025308492, 57.721801032585155, 44.104958569023, 49.17275218950588, 33.66628978827554, 79.57509445904364, 66.12227281803465, 60.2031286686005, 82.8656153457505, 4.835896648160574, 55.76036985083835, 28.350393097143233, 59.908958476248294, 53.191563466234555, 31.85421428919043], [88.99022500599624, 48.508397900096746, 54.25127723198938, 41.89424010155769, 64.47174427755316, 100.52783816688797, 98.20521087222895, 123.81784608322205, 61.30647693856434, 35.274177319124576, 71.98143077432628, 95.0624358273592, 28.833440519182012, 24.246017724089864, 77.30707565307469, 85.11161873280811, 89.00152735552152, 97.35423383102636, 0.0, 101.70716939274143, 24.6665443510519, 75.00803707992537, 54.75191761744631, 3.0212369412894797, 21.654446580603206, 55.224534537471826, 87.13508473510367, 28.18280487355123, 44.2794992972993, 72.79600414619333, 16.13176718600048, 100.1389122220195, 92.46432888296496, 50.06936812199881, 115.06946687943669, 69.45123784990696, 89.14835553662624, 70.93074707341145, 65.91748326652055, 106.87740360310475, 112.90231557631311, 56.541353469695444, 111.95450886028797, 77.19784295658854, 113.57159708349135, 73.25626521903018, 49.76920584700436, 75.49473476074155, 75.19418294719122, 93.06795778761995, 47.081371988904685, 90.56383774237518, 65.77726212327256, 102.30179211431108, 85.7059574034695], [92.96975260334666, 53.47140405168086, 60.364632402138064, 60.35437159100116, 42.27824600044881, 59.4359957485705, 7.4633176391825335, 43.17878538692086, 84.90353343280434, 86.44032531575253, 96.77114972468677, 6.661992260321342, 89.21603616915546, 85.60823545863093, 88.47973331314644, 35.14043362623798, 37.62497096068683, 67.07134580422849, 101.70716939274143, 0.0, 77.14273755586979, 31.73476417906635, 47.19586504320457, 103.83660363069343, 87.42390051356163, 68.0341055138895, 108.75936872534052, 97.38499395736908, 93.16182856783723, 103.06293303519452, 87.63087872038469, 57.8275974356827, 46.981080317336634, 52.34198611246408, 36.396211277210035, 69.6689194629814, 13.348387721632356, 74.9211729252153, 49.29215109150685, 26.093868094663502, 42.17153939806078, 99.20690794879175, 31.959872053438925, 28.425530091421358, 44.776803796937834, 35.43535090563844, 51.94729536118048, 26.267526675752812, 36.32743020660621, 63.86711472963788, 88.02036940093826, 91.0360822056387, 36.06782048565069, 15.182903601727169, 37.059806680601326], [80.5992797878909, 23.842003501455537, 33.42388937465499, 17.286736913388296, 41.87069186613749, 82.73298299752071, 73.54157173344284, 101.68727952151477, 53.848304315485365, 31.14899317952733, 67.49256769961896, 70.51355717221584, 27.502684486783206, 19.742587674705064, 69.17967992018329, 63.307553433189234, 65.79422187387675, 81.37810927016793, 24.6665443510519, 77.14273755586979, 0.0, 51.71328936398934, 30.09072822718967, 27.01173373087352, 15.880057611238238, 40.91314978871833, 83.92629175438151, 33.286820991907824, 43.02074544528105, 70.4348688163405, 11.527150095272793, 82.06130696232191, 72.73533116404354, 26.346903182340345, 92.77113162716032, 55.88987016749514, 64.75476868613643, 59.02020047433138, 45.758430675032486, 83.87450925763126, 91.47095483479241, 55.85765770209777, 89.33561226884198, 53.576377699607555, 92.4495660412331, 49.09885400738767, 25.31346888377535, 51.00598780261204, 51.295684865749934, 76.71250211857924, 42.66530108453782, 81.38694789398264, 41.38318283945269, 78.47271310146456, 64.24261969951401], [66.16075437807442, 31.188477064881976, 48.65952381517074, 37.63355010316166, 11.12166268762476, 42.900087000947146, 32.3021019789413, 50.51903121229097, 53.856134747199434, 55.18988657557827, 66.61008133949633, 25.764092640156736, 58.51867475711254, 55.878786188047286, 59.60566475121879, 14.934968110770573, 48.11240504585649, 47.0411815996397, 75.00803707992537, 31.73476417906635, 51.71328936398934, 0.0, 26.21903719770853, 76.69295833153144, 65.13761855032423, 36.380464412402105, 80.01575699143926, 66.57687812080317, 61.44881211685814, 72.70198500818418, 63.12568511691583, 41.55490583951902, 29.256897394529698, 25.3778884145167, 41.520900635386994, 39.97888579759282, 18.66935119820474, 45.44485343781989, 17.931186301221885, 32.17258670118314, 41.533896574423586, 67.6599919330089, 37.81463649952409, 3.3919461503485735, 43.05313650898231, 32.548691762205586, 27.595190410729856, 13.333918442794822, 35.824454238071624, 42.58288291300705, 56.28561220846198, 64.82893688229187, 14.436226942893665, 27.613573229569642, 16.894181116098924], [79.21457128121875, 6.279374507470576, 23.999145234384383, 13.173296968321084, 20.84926481732171, 66.40137536712133, 43.45358334775372, 76.27841871225021, 58.38722009383584, 47.245097487156826, 72.9727998486017, 40.61366118867234, 47.6403104896064, 42.01561193988563, 69.75770716730018, 40.63440338312946, 40.489943953152846, 68.36472455440466, 54.75191761744631, 47.19586504320457, 30.09072822718967, 26.21903719770853, 0.0, 57.02855353091111, 40.72511993461133, 39.74319170618809, 88.76787485444977, 55.60037974127158, 57.388552664472364, 77.95702179810554, 40.43959757303571, 65.27731978243224, 53.67070728487809, 10.688851132725883, 67.28937843961084, 51.1027783002771, 35.263465264264745, 56.11494243038053, 30.706548556102415, 57.2184648013522, 67.73723399813079, 67.683515237211, 63.315740187306105, 26.826508868177914, 69.27171850767586, 21.777053822268506, 6.4219662489931695, 21.421001673122458, 24.867977209379614, 63.558887811663055, 53.96882269983101, 78.82532634325973, 12.618657716246474, 50.13335349393479, 42.28819400552128], [88.32439917859698, 50.81444305997113, 57.15171271892566, 44.29238049975049, 66.03465973852222, 101.09823961140643, 100.4705514249119, 125.13367872160995, 60.73861742857621, 34.83603851814283, 70.95970325769204, 97.18306665563483, 28.33186738763541, 24.493814814544667, 76.67878361310886, 86.43421099187154, 91.76281653931203, 97.65924695711426, 3.0212369412894797, 103.83660363069343, 27.01173373087352, 76.69295833153144, 57.02855353091111, 0.0, 24.67434841189334, 55.595637464801385, 85.87160170310038, 26.848038428720173, 43.23620391636465, 71.52498149669141, 19.016063109768044, 100.75543956177151, 93.37920740319235, 51.957439105102274, 116.4354102763809, 69.57523136664727, 91.17809610047708, 70.82603771599919, 67.02676170897512, 108.42516039853942, 114.08505511751362, 55.234251992363305, 113.39990674275177, 78.96507959313226, 114.69092308303546, 75.84261680207801, 51.89230781627231, 77.59053659758536, 77.83896802890386, 93.44557467114909, 46.359636368542816, 89.98702977702162, 67.83630043167344, 104.09309629827577, 86.95910023784232], [95.81495711935062, 34.67679815819527, 33.78369389217382, 27.798675067224192, 56.15145464722086, 98.3881351866462, 82.8495900181365, 115.60486892705455, 68.60709765797527, 44.17024390590364, 81.6668435806441, 80.97250053925212, 39.14584838722047, 31.65976081960175, 84.26328188236434, 77.76227802445885, 69.49404406588384, 97.22520974235465, 21.654446580603206, 87.42390051356163, 15.880057611238238, 65.13761855032423, 40.72511993461133, 24.67434841189334, 0.0, 56.69124159812195, 97.90202516350773, 42.67212036565189, 55.611760061776145, 84.01020391158042, 7.818851839897855, 97.67140687462185, 88.00143860335464, 40.08181022672447, 106.62110300449905, 71.68586632856778, 75.94672127029666, 74.66249370663184, 61.13928758081984, 97.17412356918231, 105.89848290187977, 68.61966730632327, 102.95005259113955, 66.55640592470407, 107.03640514111416, 55.54568134303241, 37.621596589239964, 62.125705698693025, 56.90495900967544, 92.54331106692739, 56.31849136524344, 96.74923824703158, 53.13109736246137, 90.75902534480747, 78.87850765630311], [41.06053604947524, 38.621107098632976, 61.064693644497595, 39.733797436710994, 26.963691105999928, 45.685470274050296, 68.52646203165146, 74.19272065752455, 18.933246608013715, 23.54097687340782, 33.31944073251837, 62.14432487980027, 29.20493999354873, 31.102715084247226, 30.557264613652745, 37.88230152161873, 77.97679114094448, 42.13651395608756, 55.224534537471826, 68.0341055138895, 40.91314978871833, 36.380464412402105, 39.74319170618809, 55.595637464801385, 56.69124159812195, 0.0, 49.031634286004355, 35.763628166643436, 25.968034206536913, 38.613054953908126, 50.747725135279495, 45.463005185864475, 39.780514283665205, 29.30185863804374, 66.35132072808068, 14.998571732216323, 55.04851300461394, 18.357762537113675, 18.883532674252493, 61.16577482891352, 62.14081028829911, 31.325139916580607, 64.43217161538075, 39.75317766718096, 62.151076660889366, 59.33678144190308, 34.500509005131484, 46.29100486712863, 62.80761826681373, 37.85523388933735, 20.383173510938686, 41.3415659190186, 39.200657326104825, 61.22178585392379, 37.374919720299054], [18.418175658299607, 87.46261145564073, 109.55876361476903, 87.7273981908106, 73.53470171541323, 58.86611198271995, 111.4027008139399, 96.38900709882246, 30.953380163859904, 53.804551981584446, 16.500326409474365, 104.13672694414028, 59.41183786460779, 66.39460311788852, 20.427600770074495, 73.73856067462928, 125.95202089441023, 49.57411403778399, 87.13508473510367, 108.75936872534052, 83.92629175438151, 80.01575699143926, 88.76787485444977, 85.87160170310038, 97.90202516350773, 49.031634286004355, 0.0, 59.024760106204404, 43.030872569446885, 14.346655529363856, 90.46861269191598, 60.01903748644229, 65.08420546762507, 78.31742312695316, 91.88394037544292, 40.08125614927174, 97.46511225560607, 34.597085206823984, 62.85465049496047, 92.37333053365101, 84.65315437545136, 30.641541744745844, 92.35704558727691, 83.25630293571214, 83.11856208934294, 107.71232039564876, 83.47513819046286, 92.29932190179179, 111.22379146888504, 49.824299747428476, 41.58467237085348, 21.436454724311577, 86.93216200613436, 97.46725307311686, 71.98459065728234], [62.25693715943696, 50.608938987888216, 66.25283587039495, 46.38777135252771, 55.499657859932775, 80.61918740804016, 95.88280841934647, 109.73882917929369, 35.27598437793641, 12.252360346929741, 44.25899994664559, 90.88168765234057, 8.19561404645762, 14.160776398092139, 50.79439481806344, 72.26625495936517, 95.52177342866825, 75.6205773580677, 28.18280487355123, 97.38499395736908, 33.286820991907824, 66.57687812080317, 55.60037974127158, 26.848038428720173, 42.67212036565189, 35.763628166643436, 59.024760106204404, 0.0, 16.65836191812948, 44.67812692159952, 34.85535817530806, 80.58718315202896, 75.5436634611195, 46.5726889259035, 101.66293766041605, 47.23877302921821, 84.05021392217321, 47.18025197104871, 52.135588055909864, 95.53133099142791, 97.80944355141409, 28.3922379064885, 99.41420643612184, 69.56750642480543, 97.88781816645005, 77.23186771309189, 49.238249615705115, 72.01804218689195, 80.09398184191072, 71.92228265755742, 20.720710039757005, 64.15656008866962, 62.56821819118526, 93.7818066986313, 72.14904379709536], [45.63871521934196, 53.76974926210716, 73.15585856158603, 51.50273238898402, 51.05488255408021, 67.25834066475868, 92.93126673563174, 99.2306394569728, 19.222959477515204, 11.889484792106147, 27.724904721824494, 87.01157157596012, 16.54449102119018, 23.978819881819124, 34.26543026468972, 63.824498386691246, 97.81379421831598, 61.26761720596988, 44.2794992972993, 93.16182856783723, 43.02074544528105, 61.44881211685814, 57.388552664472364, 43.23620391636465, 55.611760061776145, 25.968034206536913, 43.030872569446885, 16.65836191812948, 0.0, 28.779061939211875, 47.96482836352798, 67.44651538189466, 64.24359636402362, 47.00665290324184, 91.74436083888368, 33.601381584897005, 79.93967387706714, 32.35522033897066, 44.64328148607612, 87.05453345491468, 86.96374265062877, 13.00873804369076, 90.08424830766263, 64.73686807225779, 86.68187357231051, 78.96917305708367, 51.06559298285451, 69.64531102022242, 82.19331168898162, 58.01535049341655, 5.840410444493123, 47.608337944253776, 61.144809905255684, 87.1178671486341, 63.23922820214467], [23.63671868317499, 75.98731370302532, 97.53988282533828, 75.56064830509621, 64.83163534945191, 59.70202708890238, 104.84209302070973, 96.5554105264199, 19.681864209548824, 39.84038567184408, 6.4426323911459376, 97.87318151460627, 45.24956601188964, 52.39362772475659, 17.39967182488256, 68.89910414224583, 116.57121417004285, 51.101748503599026, 72.79600414619333, 103.06293303519452, 70.4348688163405, 72.70198500818418, 77.95702179810554, 71.52498149669141, 84.01020391158042, 38.613054953908126, 14.346655529363856, 44.67812692159952, 28.779061939211875, 0.0, 76.48756150112935, 60.554730150942355, 62.89083922959973, 67.31300458510418, 90.91602471593045, 33.449153815470034, 90.94115358720302, 28.413212411802334, 54.88415221419005, 89.66609996974026, 84.3348102111544, 16.298039949227697, 90.67405305892254, 76.06033326309826, 83.19343574385374, 97.94941977269728, 72.2831587301114, 84.09125327486149, 101.41775220586692, 49.97576119359652, 27.798403579053733, 26.61292392025958, 77.67654216874489, 93.22856743202871, 67.4496775862508], [88.99975677553786, 34.17260162115744, 38.135676466136104, 27.276987224967105, 53.388777578081786, 93.80445626663347, 83.61430110745775, 113.1993230493585, 61.56725658953875, 36.66962734941032, 74.32885893424142, 81.05316980555789, 31.452112053045518, 24.09416774624223, 77.37447842666616, 74.83434362153734, 72.95991609811368, 92.04684064233068, 16.13176718600048, 87.63087872038469, 11.527150095272793, 63.12568511691583, 40.43959757303571, 19.016063109768044, 7.818851839897855, 50.747725135279495, 90.46861269191598, 34.85535817530806, 47.96482836352798, 76.48756150112935, 0.0, 93.18510202373056, 84.10654283967466, 37.74880977916513, 104.2753982217909, 65.71878150373335, 75.55293161148855, 68.36935452183751, 57.1137621144188, 95.29795434349595, 102.99629385868975, 60.96360375940976, 100.81165962040774, 64.89482326809485, 103.96600421480576, 57.642692117788094, 36.275276786577116, 61.72557930850227, 59.4125883655239, 87.45184480957623, 48.89956327641492, 90.06052819706986, 52.28155150119803, 89.65318279588331, 75.76163307331947], [41.75515110041448, 68.50127700453865, 89.06455270406424, 73.41894316904595, 44.514121429836045, 1.6090177114416397, 63.06694375205, 36.399430654693376, 49.96909116263355, 68.61695097460643, 54.415443032234954, 55.6623450878395, 74.57775261006206, 76.35605537012614, 43.164365508291276, 27.219110997581886, 87.51069942786522, 10.735916236343655, 100.1389122220195, 57.8275974356827, 82.06130696232191, 41.55490583951902, 65.27731978243224, 100.75543956177151, 97.67140687462185, 45.463005185864475, 60.01903748644229, 80.58718315202896, 67.44651538189466, 60.554730150942355, 93.18510202373056, 0.0, 12.406822967837535, 59.61155252083708, 32.21281660004591, 33.84719940358356, 51.002992194922335, 35.82306216965011, 36.717392572553706, 35.14647576760505, 24.69841197047893, 65.54101937899911, 33.41414269196293, 43.116968067392726, 23.099618742009095, 73.84031264990453, 64.01064782140925, 54.12090800979125, 76.96483132385436, 10.579324159879471, 61.716849781526335, 38.96469739581784, 55.421280202186544, 43.44515540358035, 25.01239072449614], [47.72210168729913, 57.31577967478932, 77.23361258977043, 62.64730923262467, 33.19750232873059, 13.853785720554152, 51.6626032900992, 35.09796353584694, 48.8721793290063, 63.31162847882591, 56.479719663169895, 44.16530246475268, 68.77177780021263, 69.41581763365447, 46.09554325108368, 14.814371133840005, 75.21777813015363, 20.151327952987348, 92.46432888296496, 46.981080317336634, 72.73533116404354, 29.256897394529698, 53.67070728487809, 93.37920740319235, 88.00143860335464, 39.780514283665205, 65.08420546762507, 75.5436634611195, 64.24359636402362, 62.89083922959973, 84.10654283967466, 12.406822967837535, 0.0, 48.88312778637353, 28.305708472856853, 31.693889075836427, 39.06513593086188, 35.35959870591354, 26.992986964529937, 27.290238613185615, 22.750083666128287, 64.76687487709101, 27.7837126359384, 30.724032497690906, 22.46569890862864, 61.44341070069343, 52.94489061304922, 41.716413396548624, 64.55966336618935, 16.952704379551005, 58.40324063948548, 45.373409339868914, 43.31572022433474, 33.495050793027794, 12.605836323411229], [69.43175406379785, 9.807093125395253, 32.44875899812256, 13.810330965119224, 16.130495200287218, 60.55961402056499, 49.8655358725691, 75.60769125644464, 47.78653447443514, 37.32141430323986, 62.405053849593656, 45.687771944158904, 38.43668711949091, 33.69273922140676, 59.6065945140711, 37.72623738535885, 50.8225058931814, 61.28789698243938, 50.06936812199881, 52.34198611246408, 26.346903182340345, 25.3778884145167, 10.688851132725883, 51.957439105102274, 40.08181022672447, 29.30185863804374, 78.31742312695316, 46.5726889259035, 47.00665290324184, 67.31300458510418, 37.74880977916513, 59.61155252083708, 48.88312778637353, 0.0, 66.64627915222412, 41.47950279005067, 39.37773111420819, 46.26817577201242, 23.240588443660684, 57.5493900324656, 65.8261812100696, 57.04519924337029, 63.09859740552403, 27.257955320747087, 67.0052391480706, 31.964350991174655, 5.304572410247939, 26.165900033594546, 35.21611170940338, 56.452696626199, 43.39553643867589, 69.23323999207393, 16.38831991842261, 52.27332145739093, 38.935036054409764], [73.80294969096619, 72.6156275684364, 87.65755312725379, 79.14713673134374, 50.91895913975702, 33.57003045430262, 43.56871707189778, 9.002336030078846, 77.12021074848958, 89.44648832129062, 84.54746269024889, 37.93186371535, 94.32196065433115, 93.66982982249277, 73.83614840730323, 30.02475956876979, 73.12569977553211, 42.94524995288256, 115.06946687943669, 36.396211277210035, 92.77113162716032, 41.520900635386994, 67.28937843961084, 116.4354102763809, 106.62110300449905, 66.35132072808068, 91.88394037544292, 101.66293766041605, 91.74436083888368, 90.91602471593045, 104.2753982217909, 32.21281660004591, 28.305708472856853, 66.64627915222412, 0.0, 59.92261008580093, 37.38189593051105, 63.661999682931736, 49.958993816362266, 11.155928822330415, 7.992197052479298, 93.00186421055531, 4.579445752381037, 40.47130499190859, 10.422017236484447, 65.72379926785375, 69.11600515768038, 48.12292288458911, 67.85678856581434, 42.067343189713874, 85.92552478912373, 71.09124339763665, 54.78523469715604, 22.004033087996582, 29.712712829392146], [28.129724760331424, 51.235556640894316, 73.90819041395244, 53.41373964551783, 33.76734845243398, 33.69042463744813, 71.7276710308993, 66.72993837930011, 17.198656486618226, 35.67984480520152, 27.11181351930618, 64.6239298822143, 41.984878761446225, 45.2052322680853, 19.75251289213836, 35.532615681696704, 86.22130246510733, 28.431573977734136, 69.45123784990696, 69.6689194629814, 55.88987016749514, 39.97888579759282, 51.1027783002771, 69.57523136664727, 71.68586632856778, 14.998571732216323, 40.08125614927174, 47.23877302921821, 33.601381584897005, 33.449153815470034, 65.71878150373335, 33.84719940358356, 31.693889075836427, 41.47950279005067, 59.92261008580093, 0.0, 57.782370617477135, 5.486134884450559, 22.861980686611087, 57.13227654187958, 54.33986855520969, 33.0816826468516, 58.962814048723615, 43.2550868376966, 53.77350418998164, 68.35518136713375, 46.7812972060721, 52.24409528265172, 71.87539350803053, 24.697222148256824, 27.87321076631828, 27.76324871056096, 47.372394500106424, 59.91022707180084, 34.190766584972536], [82.49642695787692, 41.45276927504439, 51.67781803248071, 48.395126327805976, 28.96592049455929, 52.56737151905798, 13.950231184897946, 45.7110594996